t1	e11	e21	t2	e12	e22
0	0	0	0	0	0
0.1	0	4.99E-06	0.01	0	5.00E-08
0.2	1.00E-05	1.89E-05	0.02	1.00E-07	1.99E-07
0.3	2.90E-05	4.08E-05	0.03	2.99E-07	4.46E-07
0.4	5.60E-05	6.98E-05	0.04	5.96E-07	7.90E-07
0.5	9.00E-05	0.000104756	0.05	9.90E-07	1.23E-06
0.6	0.000130059	0.000144905	0.06	1.48E-06	1.76E-06
0.7	0.000175203	0.000189342	0.07	2.07E-06	2.39E-06
0.8	0.000224532	0.000237238	0.08	2.74E-06	3.12E-06
0.9	0.000277176	0.000287813	0.09	3.52E-06	3.93E-06
1	0.00033231	0.000340331	0.1	4.38E-06	4.83E-06
1.1	0.00038916	0.00039411	0.11	5.34E-06	5.83E-06
1.2	0.000447001	0.000448521	0.12	6.38E-06	6.91E-06
1.3	0.000505166	0.000502989	0.13	7.51E-06	8.09E-06
1.4	0.000563045	0.000556991	0.14	8.74E-06	9.34E-06
1.5	0.000620084	0.000610061	0.15	1.00E-05	1.07E-05
1.6	0.000675789	0.000661783	0.16	1.14E-05	1.21E-05
1.7	0.000729723	0.000711796	0.17	1.29E-05	1.36E-05
1.8	0.000781505	0.000759788	0.18	1.45E-05	1.52E-05
1.9	0.000830812	0.000805497	0.19	1.61E-05	1.69E-05
2	0.000877373	0.000848706	0.2	1.79E-05	1.87E-05
2.1	0.00092097	0.000889244	0.21	1.97E-05	2.05E-05
2.2	0.000961434	0.000926979	0.22	2.16E-05	2.24E-05
2.3	0.000998641	0.000961821	0.23	2.35E-05	2.44E-05
2.4	0.001032513	0.000993715	0.24	2.56E-05	2.65E-05
2.5	0.001063012	0.001022637	0.25	2.77E-05	2.87E-05
2.6	0.001090136	0.001048597	0.26	2.99E-05	3.09E-05
2.7	0.001113917	0.00107163	0.27	3.22E-05	3.32E-05
2.8	0.001134419	0.001091796	0.28	3.45E-05	3.56E-05
2.9	0.001151731	0.001109176	0.29	3.70E-05	3.80E-05
3	0.001165968	0.00112387	0.3	3.95E-05	4.05E-05
3.1	0.001177264	0.001135994	0.31	4.20E-05	4.31E-05
3.2	0.001185771	0.001145678	0.32	4.47E-05	4.58E-05
3.3	0.001191654	0.001153061	0.33	4.74E-05	4.85E-05
3.4	0.001195091	0.001158292	0.34	5.01E-05	5.13E-05
3.5	0.001196269	0.001161526	0.35	5.30E-05	5.41E-05
3.6	0.001195377	0.001162922	0.36	5.59E-05	5.71E-05
3.7	0.001192612	0.001162641	0.37	5.89E-05	6.01E-05
3.8	0.00118817	0.001160846	0.38	6.19E-05	6.31E-05
3.9	0.001182245	0.001157697	0.39	6.50E-05	6.62E-05
4	0.001175032	0.001153353	0.4	6.82E-05	6.94E-05
4.1	0.001166717	0.001147969	0.41	7.14E-05	7.27E-05
4.2	0.001157484	0.001141694	0.42	7.47E-05	7.60E-05
4.3	0.001147506	0.001134672	0.43	7.80E-05	7.93E-05
4.4	0.001136952	0.001127042	0.44	8.15E-05	8.27E-05
4.5	0.001125978	0.001118932	0.45	8.49E-05	8.62E-05
4.6	0.001114732	0.001110466	0.46	8.84E-05	8.97E-05
4.7	0.00110335	0.001101757	0.47	9.20E-05	9.33E-05
4.8	0.00109196	0.001092912	0.48	9.57E-05	9.70E-05
4.9	0.001080675	0.001084027	0.49	9.94E-05	0.000100661
5	0.001069599	0.001075189	0.5	0.000103096	0.000104409
5.1	0.001058824	0.001066479	0.51	0.000106892	0.000108208
5.2	0.00104843	0.001057966	0.52	0.00011074	0.000112058
5.3	0.001038488	0.001049713	0.53	0.000114638	0.000115958
5.4	0.001029055	0.001041773	0.54	0.000118587	0.000119907
5.5	0.001020181	0.001034191	0.55	0.000122584	0.000123905
5.6	0.001011903	0.001027006	0.56	0.00012663	0.00012795
5.7	0.001004252	0.001020248	0.57	0.000130723	0.000132042
5.8	0.000997247	0.001013939	0.58	0.000134862	0.000136179
5.9	0.000990899	0.001008099	0.59	0.000139047	0.000140361
6	0.000985214	0.001002736	0.6	0.000143276	0.000144586
6.1	0.000980189	0.000997857	0.61	0.00014755	0.000148855
6.2	0.000975814	0.000993461	0.62	0.000151866	0.000153167
6.3	0.000972074	0.000989546	0.63	0.000156224	0.000157519
6.4	0.000968951	0.000986101	0.64	0.000160624	0.000161912
6.5	0.000966419	0.000983116	0.65	0.000165064	0.000166345
6.6	0.00096445	0.000980574	0.66	0.000169543	0.000170816
6.7	0.000963014	0.000978457	0.67	0.000174062	0.000175326
6.8	0.000962078	0.000976746	0.68	0.000178618	0.000179872
6.9	0.000961605	0.000975418	0.69	0.000183211	0.000184456
7	0.000961558	0.000974449	0.7	0.00018784	0.000189074
7.1	0.0009619	0.000973814	0.71	0.000192505	0.000193728
7.2	0.000962592	0.000973488	0.72	0.000197204	0.000198415
7.3	0.000963596	0.000973444	0.73	0.000201937	0.000203135
7.4	0.000964874	0.000973656	0.74	0.000206703	0.000207888
7.5	0.000966388	0.000974097	0.75	0.000211501	0.000212672
7.6	0.000968102	0.000974742	0.76	0.000216331	0.000217487
7.7	0.00096998	0.000975565	0.77	0.000221191	0.000222332
7.8	0.00097199	0.000976541	0.78	0.00022608	0.000227206
7.9	0.000974099	0.000977647	0.79	0.000230999	0.000232109
8	0.000976277	0.000978859	0.8	0.000235946	0.000237039
8.1	0.000978496	0.000980157	0.81	0.000240921	0.000241996
8.2	0.000980731	0.000981519	0.82	0.000245922	0.000246979
8.3	0.000982957	0.000982927	0.83	0.000250949	0.000251987
8.4	0.000985154	0.000984364	0.84	0.000256001	0.00025702
8.5	0.000987301	0.000985811	0.85	0.000261077	0.000262077
8.6	0.000989381	0.000987256	0.86	0.000266177	0.000267157
8.7	0.000991381	0.000988684	0.87	0.0002713	0.000272259
8.8	0.000993287	0.000990084	0.88	0.000276446	0.000277383
8.9	0.000995089	0.000991445	0.89	0.000281612	0.000282528
9	0.000996777	0.000992757	0.9	0.000286799	0.000287693
9.1	0.000998346	0.000994014	0.91	0.000292007	0.000292878
9.2	0.00099979	0.000995208	0.92	0.000297233	0.000298081
9.3	0.001001106	0.000996333	0.93	0.000302478	0.000303302
9.4	0.001002293	0.000997387	0.94	0.000307741	0.000308541
9.5	0.00100335	0.000998365	0.95	0.000313021	0.000313797
9.6	0.001004278	0.000999266	0.96	0.000318317	0.000319068
9.7	0.00100508	0.001000088	0.97	0.000323629	0.000324355
9.8	0.001005759	0.001000831	0.98	0.000328957	0.000329656
9.9	0.00100632	0.001001496	0.99	0.000334298	0.000334971
10	0.001006766	0.001002083	1	0.000339653	0.0003403
10	0.001006766	0.001002083	1.01	0.000345022	0.000345641
10	0.001006766	0.001002083	1.02	0.000350402	0.000350994
10	0.001006766	0.001002083	1.03	0.000355795	0.000356359
10	0.001006766	0.001002083	1.04	0.000361198	0.000361734
10	0.001006766	0.001002083	1.05	0.000366612	0.000367119
10	0.001006766	0.001002083	1.06	0.000372035	0.000372513
10	0.001006766	0.001002083	1.07	0.000377468	0.000377917
10	0.001006766	0.001002083	1.08	0.000382909	0.000383328
10	0.001006766	0.001002083	1.09	0.000388358	0.000388747
10	0.001006766	0.001002083	1.1	0.000393814	0.000394173
10	0.001006766	0.001002083	1.11	0.000399276	0.000399605
10	0.001006766	0.001002083	1.12	0.000404745	0.000405043
10	0.001006766	0.001002083	1.13	0.000410219	0.000410486
10	0.001006766	0.001002083	1.14	0.000415698	0.000415933
10	0.001006766	0.001002083	1.15	0.000421181	0.000421384
10	0.001006766	0.001002083	1.16	0.000426668	0.000426839
10	0.001006766	0.001002083	1.17	0.000432157	0.000432297
10	0.001006766	0.001002083	1.18	0.000437649	0.000437756
10	0.001006766	0.001002083	1.19	0.000443143	0.000443217
10	0.001006766	0.001002083	1.2	0.000448639	0.00044868
10	0.001006766	0.001002083	1.21	0.000454135	0.000454142
10	0.001006766	0.001002083	1.22	0.000459631	0.000459605
10	0.001006766	0.001002083	1.23	0.000465127	0.000465067
10	0.001006766	0.001002083	1.24	0.000470622	0.000470528
10	0.001006766	0.001002083	1.25	0.000476115	0.000475988
10	0.001006766	0.001002083	1.26	0.000481606	0.000481445
10	0.001006766	0.001002083	1.27	0.000487095	0.000486899
10	0.001006766	0.001002083	1.28	0.000492581	0.00049235
10	0.001006766	0.001002083	1.29	0.000498063	0.000497798
10	0.001006766	0.001002083	1.3	0.000503542	0.000503241
10	0.001006766	0.001002083	1.31	0.000509015	0.00050868
10	0.001006766	0.001002083	1.32	0.000514484	0.000514113
10	0.001006766	0.001002083	1.33	0.000519947	0.000519541
10	0.001006766	0.001002083	1.34	0.000525404	0.000524962
10	0.001006766	0.001002083	1.35	0.000530854	0.000530377
10	0.001006766	0.001002083	1.36	0.000536297	0.000535784
10	0.001006766	0.001002083	1.37	0.000541733	0.000541184
10	0.001006766	0.001002083	1.38	0.000547161	0.000546576
10	0.001006766	0.001002083	1.39	0.00055258	0.00055196
10	0.001006766	0.001002083	1.4	0.00055799	0.000557334
10	0.001006766	0.001002083	1.41	0.000563391	0.000562699
10	0.001006766	0.001002083	1.42	0.000568782	0.000568054
10	0.001006766	0.001002083	1.43	0.000574163	0.000573399
10	0.001006766	0.001002083	1.44	0.000579534	0.000578733
10	0.001006766	0.001002083	1.45	0.000584893	0.000584056
10	0.001006766	0.001002083	1.46	0.00059024	0.000589367
10	0.001006766	0.001002083	1.47	0.000595576	0.000594666
10	0.001006766	0.001002083	1.48	0.000600899	0.000599953
10	0.001006766	0.001002083	1.49	0.00060621	0.000605227
10	0.001006766	0.001002083	1.5	0.000611507	0.000610488
10	0.001006766	0.001002083	1.51	0.000616791	0.000615735
10	0.001006766	0.001002083	1.52	0.00062206	0.000620969
10	0.001006766	0.001002083	1.53	0.000627316	0.000626188
10	0.001006766	0.001002083	1.54	0.000632556	0.000631392
10	0.001006766	0.001002083	1.55	0.000637782	0.000636581
10	0.001006766	0.001002083	1.56	0.000642992	0.000641755
10	0.001006766	0.001002083	1.57	0.000648186	0.000646913
10	0.001006766	0.001002083	1.58	0.000653364	0.000652054
10	0.001006766	0.001002083	1.59	0.000658525	0.000657179
10	0.001006766	0.001002083	1.6	0.000663669	0.000662288
10	0.001006766	0.001002083	1.61	0.000668796	0.000667379
10	0.001006766	0.001002083	1.62	0.000673905	0.000672452
10	0.001006766	0.001002083	1.63	0.000678997	0.000677507
10	0.001006766	0.001002083	1.64	0.00068407	0.000682545
10	0.001006766	0.001002083	1.65	0.000689124	0.000687564
10	0.001006766	0.001002083	1.66	0.00069416	0.000692564
10	0.001006766	0.001002083	1.67	0.000699176	0.000697544
10	0.001006766	0.001002083	1.68	0.000704172	0.000702506
10	0.001006766	0.001002083	1.69	0.000709149	0.000707447
10	0.001006766	0.001002083	1.7	0.000714106	0.000712369
10	0.001006766	0.001002083	1.71	0.000719042	0.00071727
10	0.001006766	0.001002083	1.72	0.000723957	0.00072215
10	0.001006766	0.001002083	1.73	0.000728851	0.00072701
10	0.001006766	0.001002083	1.74	0.000733724	0.000731848
10	0.001006766	0.001002083	1.75	0.000738575	0.000736665
10	0.001006766	0.001002083	1.76	0.000743405	0.00074146
10	0.001006766	0.001002083	1.77	0.000748212	0.000746234
10	0.001006766	0.001002083	1.78	0.000752997	0.000750985
10	0.001006766	0.001002083	1.79	0.000757759	0.000755713
10	0.001006766	0.001002083	1.8	0.000762498	0.000760419
10	0.001006766	0.001002083	1.81	0.000767214	0.000765101
10	0.001006766	0.001002083	1.82	0.000771907	0.000769761
10	0.001006766	0.001002083	1.83	0.000776576	0.000774397
10	0.001006766	0.001002083	1.84	0.000781221	0.000779009
10	0.001006766	0.001002083	1.85	0.000785842	0.000783598
10	0.001006766	0.001002083	1.86	0.000790439	0.000788162
10	0.001006766	0.001002083	1.87	0.000795011	0.000792702
10	0.001006766	0.001002083	1.88	0.000799558	0.000797218
10	0.001006766	0.001002083	1.89	0.000804081	0.000801709
10	0.001006766	0.001002083	1.9	0.000808578	0.000806174
10	0.001006766	0.001002083	1.91	0.00081305	0.000810615
10	0.001006766	0.001002083	1.92	0.000817496	0.00081503
10	0.001006766	0.001002083	1.93	0.000821917	0.00081942
10	0.001006766	0.001002083	1.94	0.000826311	0.000823784
10	0.001006766	0.001002083	1.95	0.00083068	0.000828122
10	0.001006766	0.001002083	1.96	0.000835022	0.000832434
10	0.001006766	0.001002083	1.97	0.000839337	0.00083672
10	0.001006766	0.001002083	1.98	0.000843626	0.00084098
10	0.001006766	0.001002083	1.99	0.000847888	0.000845212
10	0.001006766	0.001002083	2	0.000852124	0.000849419
10	0.001006766	0.001002083	2.01	0.000856332	0.000853598
10	0.001006766	0.001002083	2.02	0.000860512	0.00085775
10	0.001006766	0.001002083	2.03	0.000864666	0.000861875
10	0.001006766	0.001002083	2.04	0.000868791	0.000865973
10	0.001006766	0.001002083	2.05	0.000872889	0.000870044
10	0.001006766	0.001002083	2.06	0.000876959	0.000874086
10	0.001006766	0.001002083	2.07	0.000881001	0.000878102
10	0.001006766	0.001002083	2.08	0.000885015	0.000882089
10	0.001006766	0.001002083	2.09	0.000889001	0.000886048
10	0.001006766	0.001002083	2.1	0.000892959	0.000889979
10	0.001006766	0.001002083	2.11	0.000896888	0.000893883
10	0.001006766	0.001002083	2.12	0.000900788	0.000897757
10	0.001006766	0.001002083	2.13	0.000904659	0.000901604
10	0.001006766	0.001002083	2.14	0.000908502	0.000905422
10	0.001006766	0.001002083	2.15	0.000912316	0.000909211
10	0.001006766	0.001002083	2.16	0.000916101	0.000912972
10	0.001006766	0.001002083	2.17	0.000919857	0.000916704
10	0.001006766	0.001002083	2.18	0.000923584	0.000920407
10	0.001006766	0.001002083	2.19	0.000927281	0.000924081
10	0.001006766	0.001002083	2.2	0.000930949	0.000927727
10	0.001006766	0.001002083	2.21	0.000934588	0.000931343
10	0.001006766	0.001002083	2.22	0.000938197	0.00093493
10	0.001006766	0.001002083	2.23	0.000941777	0.000938487
10	0.001006766	0.001002083	2.24	0.000945327	0.000942016
10	0.001006766	0.001002083	2.25	0.000948848	0.000945515
10	0.001006766	0.001002083	2.26	0.000952338	0.000948985
10	0.001006766	0.001002083	2.27	0.000955799	0.000952425
10	0.001006766	0.001002083	2.28	0.00095923	0.000955836
10	0.001006766	0.001002083	2.29	0.000962631	0.000959217
10	0.001006766	0.001002083	2.3	0.000966002	0.000962569
10	0.001006766	0.001002083	2.31	0.000969344	0.000965891
10	0.001006766	0.001002083	2.32	0.000972655	0.000969183
10	0.001006766	0.001002083	2.33	0.000975936	0.000972446
10	0.001006766	0.001002083	2.34	0.000979187	0.000975679
10	0.001006766	0.001002083	2.35	0.000982408	0.000978882
10	0.001006766	0.001002083	2.36	0.000985599	0.000982056
10	0.001006766	0.001002083	2.37	0.00098876	0.000985199
10	0.001006766	0.001002083	2.38	0.00099189	0.000988313
10	0.001006766	0.001002083	2.39	0.000994991	0.000991397
10	0.001006766	0.001002083	2.4	0.000998061	0.000994451
10	0.001006766	0.001002083	2.41	0.001001101	0.000997476
10	0.001006766	0.001002083	2.42	0.00100411	0.00100047
10	0.001006766	0.001002083	2.43	0.00100709	0.001003435
10	0.001006766	0.001002083	2.44	0.001010039	0.00100637
10	0.001006766	0.001002083	2.45	0.001012958	0.001009275
10	0.001006766	0.001002083	2.46	0.001015847	0.00101215
10	0.001006766	0.001002083	2.47	0.001018706	0.001014995
10	0.001006766	0.001002083	2.48	0.001021535	0.001017811
10	0.001006766	0.001002083	2.49	0.001024333	0.001020597
10	0.001006766	0.001002083	2.5	0.001027101	0.001023353
10	0.001006766	0.001002083	2.51	0.00102984	0.001026079
10	0.001006766	0.001002083	2.52	0.001032548	0.001028775
10	0.001006766	0.001002083	2.53	0.001035226	0.001031442
10	0.001006766	0.001002083	2.54	0.001037874	0.00103408
10	0.001006766	0.001002083	2.55	0.001040492	0.001036687
10	0.001006766	0.001002083	2.56	0.00104308	0.001039265
10	0.001006766	0.001002083	2.57	0.001045638	0.001041813
10	0.001006766	0.001002083	2.58	0.001048166	0.001044332
10	0.001006766	0.001002083	2.59	0.001050664	0.001046822
10	0.001006766	0.001002083	2.6	0.001053133	0.001049282
10	0.001006766	0.001002083	2.61	0.001055572	0.001051712
10	0.001006766	0.001002083	2.62	0.001057981	0.001054114
10	0.001006766	0.001002083	2.63	0.00106036	0.001056486
10	0.001006766	0.001002083	2.64	0.00106271	0.001058828
10	0.001006766	0.001002083	2.65	0.00106503	0.001061142
10	0.001006766	0.001002083	2.66	0.001067321	0.001063426
10	0.001006766	0.001002083	2.67	0.001069583	0.001065682
10	0.001006766	0.001002083	2.68	0.001071815	0.001067908
10	0.001006766	0.001002083	2.69	0.001074018	0.001070106
10	0.001006766	0.001002083	2.7	0.001076191	0.001072275
10	0.001006766	0.001002083	2.71	0.001078336	0.001074415
10	0.001006766	0.001002083	2.72	0.001080451	0.001076526
10	0.001006766	0.001002083	2.73	0.001082537	0.001078609
10	0.001006766	0.001002083	2.74	0.001084595	0.001080663
10	0.001006766	0.001002083	2.75	0.001086624	0.001082688
10	0.001006766	0.001002083	2.76	0.001088624	0.001084686
10	0.001006766	0.001002083	2.77	0.001090595	0.001086654
10	0.001006766	0.001002083	2.78	0.001092538	0.001088595
10	0.001006766	0.001002083	2.79	0.001094452	0.001090508
10	0.001006766	0.001002083	2.8	0.001096338	0.001092392
10	0.001006766	0.001002083	2.81	0.001098195	0.001094249
10	0.001006766	0.001002083	2.82	0.001100024	0.001096078
10	0.001006766	0.001002083	2.83	0.001101826	0.001097879
10	0.001006766	0.001002083	2.84	0.001103599	0.001099652
10	0.001006766	0.001002083	2.85	0.001105344	0.001101398
10	0.001006766	0.001002083	2.86	0.001107061	0.001103116
10	0.001006766	0.001002083	2.87	0.001108751	0.001104807
10	0.001006766	0.001002083	2.88	0.001110413	0.001106471
10	0.001006766	0.001002083	2.89	0.001112048	0.001108108
10	0.001006766	0.001002083	2.9	0.001113655	0.001109717
10	0.001006766	0.001002083	2.91	0.001115235	0.0011113
10	0.001006766	0.001002083	2.92	0.001116788	0.001112856
10	0.001006766	0.001002083	2.93	0.001118314	0.001114385
10	0.001006766	0.001002083	2.94	0.001119812	0.001115887
10	0.001006766	0.001002083	2.95	0.001121284	0.001117363
10	0.001006766	0.001002083	2.96	0.00112273	0.001118813
10	0.001006766	0.001002083	2.97	0.001124148	0.001120236
10	0.001006766	0.001002083	2.98	0.001125541	0.001121634
10	0.001006766	0.001002083	2.99	0.001126907	0.001123005
10	0.001006766	0.001002083	3	0.001128246	0.00112435
10	0.001006766	0.001002083	3.01	0.00112956	0.00112567
10	0.001006766	0.001002083	3.02	0.001130848	0.001126964
10	0.001006766	0.001002083	3.03	0.001132109	0.001128232
10	0.001006766	0.001002083	3.04	0.001133346	0.001129476
10	0.001006766	0.001002083	3.05	0.001134556	0.001130693
10	0.001006766	0.001002083	3.06	0.001135741	0.001131886
10	0.001006766	0.001002083	3.07	0.001136901	0.001133054
10	0.001006766	0.001002083	3.08	0.001138036	0.001134197
10	0.001006766	0.001002083	3.09	0.001139145	0.001135315
10	0.001006766	0.001002083	3.1	0.00114023	0.001136408
10	0.001006766	0.001002083	3.11	0.00114129	0.001137478
10	0.001006766	0.001002083	3.12	0.001142325	0.001138522
10	0.001006766	0.001002083	3.13	0.001143336	0.001139543
10	0.001006766	0.001002083	3.14	0.001144323	0.00114054
10	0.001006766	0.001002083	3.15	0.001145285	0.001141512
10	0.001006766	0.001002083	3.16	0.001146223	0.001142461
10	0.001006766	0.001002083	3.17	0.001147137	0.001143387
10	0.001006766	0.001002083	3.18	0.001148028	0.001144288
10	0.001006766	0.001002083	3.19	0.001148895	0.001145167
10	0.001006766	0.001002083	3.2	0.001149738	0.001146022
10	0.001006766	0.001002083	3.21	0.001150558	0.001146855
10	0.001006766	0.001002083	3.22	0.001151355	0.001147664
10	0.001006766	0.001002083	3.23	0.001152129	0.001148451
10	0.001006766	0.001002083	3.24	0.00115288	0.001149215
10	0.001006766	0.001002083	3.25	0.001153609	0.001149956
10	0.001006766	0.001002083	3.26	0.001154315	0.001150676
10	0.001006766	0.001002083	3.27	0.001154998	0.001151373
10	0.001006766	0.001002083	3.28	0.001155659	0.001152048
10	0.001006766	0.001002083	3.29	0.001156298	0.001152701
10	0.001006766	0.001002083	3.3	0.001156915	0.001153333
10	0.001006766	0.001002083	3.31	0.00115751	0.001153943
10	0.001006766	0.001002083	3.32	0.001158084	0.001154532
10	0.001006766	0.001002083	3.33	0.001158636	0.001155099
10	0.001006766	0.001002083	3.34	0.001159167	0.001155645
10	0.001006766	0.001002083	3.35	0.001159676	0.001156171
10	0.001006766	0.001002083	3.36	0.001160165	0.001156675
10	0.001006766	0.001002083	3.37	0.001160632	0.00115716
10	0.001006766	0.001002083	3.38	0.00116108	0.001157623
10	0.001006766	0.001002083	3.39	0.001161506	0.001158067
10	0.001006766	0.001002083	3.4	0.001161912	0.00115849
10	0.001006766	0.001002083	3.41	0.001162298	0.001158893
10	0.001006766	0.001002083	3.42	0.001162664	0.001159276
10	0.001006766	0.001002083	3.43	0.00116301	0.00115964
10	0.001006766	0.001002083	3.44	0.001163336	0.001159984
10	0.001006766	0.001002083	3.45	0.001163643	0.001160309
10	0.001006766	0.001002083	3.46	0.00116393	0.001160615
10	0.001006766	0.001002083	3.47	0.001164198	0.001160901
10	0.001006766	0.001002083	3.48	0.001164447	0.001161169
10	0.001006766	0.001002083	3.49	0.001164677	0.001161418
10	0.001006766	0.001002083	3.5	0.001164889	0.001161649
10	0.001006766	0.001002083	3.51	0.001165081	0.001161861
10	0.001006766	0.001002083	3.52	0.001165256	0.001162055
10	0.001006766	0.001002083	3.53	0.001165412	0.001162231
10	0.001006766	0.001002083	3.54	0.00116555	0.001162389
10	0.001006766	0.001002083	3.55	0.00116567	0.001162529
10	0.001006766	0.001002083	3.56	0.001165772	0.001162652
10	0.001006766	0.001002083	3.57	0.001165857	0.001162757
10	0.001006766	0.001002083	3.58	0.001165924	0.001162846
10	0.001006766	0.001002083	3.59	0.001165974	0.001162917
10	0.001006766	0.001002083	3.6	0.001166007	0.001162971
10	0.001006766	0.001002083	3.61	0.001166023	0.001163008
10	0.001006766	0.001002083	3.62	0.001166022	0.001163029
10	0.001006766	0.001002083	3.63	0.001166005	0.001163033
10	0.001006766	0.001002083	3.64	0.001165971	0.001163021
10	0.001006766	0.001002083	3.65	0.001165921	0.001162993
10	0.001006766	0.001002083	3.66	0.001165855	0.001162949
10	0.001006766	0.001002083	3.67	0.001165773	0.001162889
10	0.001006766	0.001002083	3.68	0.001165675	0.001162814
10	0.001006766	0.001002083	3.69	0.001165562	0.001162723
10	0.001006766	0.001002083	3.7	0.001165433	0.001162617
10	0.001006766	0.001002083	3.71	0.001165289	0.001162496
10	0.001006766	0.001002083	3.72	0.001165129	0.00116236
10	0.001006766	0.001002083	3.73	0.001164955	0.001162209
10	0.001006766	0.001002083	3.74	0.001164766	0.001162043
10	0.001006766	0.001002083	3.75	0.001164563	0.001161863
10	0.001006766	0.001002083	3.76	0.001164345	0.001161668
10	0.001006766	0.001002083	3.77	0.001164113	0.00116146
10	0.001006766	0.001002083	3.78	0.001163866	0.001161237
10	0.001006766	0.001002083	3.79	0.001163606	0.001161001
10	0.001006766	0.001002083	3.8	0.001163332	0.001160751
10	0.001006766	0.001002083	3.81	0.001163044	0.001160487
10	0.001006766	0.001002083	3.82	0.001162743	0.00116021
10	0.001006766	0.001002083	3.83	0.001162428	0.00115992
10	0.001006766	0.001002083	3.84	0.001162101	0.001159617
10	0.001006766	0.001002083	3.85	0.00116176	0.001159301
10	0.001006766	0.001002083	3.86	0.001161407	0.001158973
10	0.001006766	0.001002083	3.87	0.001161041	0.001158631
10	0.001006766	0.001002083	3.88	0.001160662	0.001158278
10	0.001006766	0.001002083	3.89	0.001160272	0.001157912
10	0.001006766	0.001002083	3.9	0.001159869	0.001157534
10	0.001006766	0.001002083	3.91	0.001159454	0.001157144
10	0.001006766	0.001002083	3.92	0.001159027	0.001156742
10	0.001006766	0.001002083	3.93	0.001158588	0.001156329
10	0.001006766	0.001002083	3.94	0.001158138	0.001155905
10	0.001006766	0.001002083	3.95	0.001157677	0.001155469
10	0.001006766	0.001002083	3.96	0.001157204	0.001155022
10	0.001006766	0.001002083	3.97	0.001156721	0.001154564
10	0.001006766	0.001002083	3.98	0.001156226	0.001154095
10	0.001006766	0.001002083	3.99	0.001155721	0.001153615
10	0.001006766	0.001002083	4	0.001155205	0.001153125
10	0.001006766	0.001002083	4.01	0.001154679	0.001152625
10	0.001006766	0.001002083	4.02	0.001154143	0.001152114
10	0.001006766	0.001002083	4.03	0.001153596	0.001151594
10	0.001006766	0.001002083	4.04	0.00115304	0.001151063
10	0.001006766	0.001002083	4.05	0.001152473	0.001150523
10	0.001006766	0.001002083	4.06	0.001151897	0.001149973
10	0.001006766	0.001002083	4.07	0.001151312	0.001149413
10	0.001006766	0.001002083	4.08	0.001150717	0.001148845
10	0.001006766	0.001002083	4.09	0.001150113	0.001148267
10	0.001006766	0.001002083	4.1	0.0011495	0.00114768
10	0.001006766	0.001002083	4.11	0.001148878	0.001147084
10	0.001006766	0.001002083	4.12	0.001148248	0.00114648
10	0.001006766	0.001002083	4.13	0.001147609	0.001145867
10	0.001006766	0.001002083	4.14	0.001146961	0.001145246
10	0.001006766	0.001002083	4.15	0.001146305	0.001144616
10	0.001006766	0.001002083	4.16	0.001145641	0.001143978
10	0.001006766	0.001002083	4.17	0.001144969	0.001143333
10	0.001006766	0.001002083	4.18	0.001144289	0.001142679
10	0.001006766	0.001002083	4.19	0.001143602	0.001142018
10	0.001006766	0.001002083	4.2	0.001142906	0.001141349
10	0.001006766	0.001002083	4.21	0.001142204	0.001140673
10	0.001006766	0.001002083	4.22	0.001141494	0.001139989
10	0.001006766	0.001002083	4.23	0.001140777	0.001139299
10	0.001006766	0.001002083	4.24	0.001140053	0.001138601
10	0.001006766	0.001002083	4.25	0.001139323	0.001137897
10	0.001006766	0.001002083	4.26	0.001138585	0.001137186
10	0.001006766	0.001002083	4.27	0.001137841	0.001136468
10	0.001006766	0.001002083	4.28	0.001137091	0.001135744
10	0.001006766	0.001002083	4.29	0.001136334	0.001135013
10	0.001006766	0.001002083	4.3	0.001135571	0.001134277
10	0.001006766	0.001002083	4.31	0.001134802	0.001133534
10	0.001006766	0.001002083	4.32	0.001134028	0.001132785
10	0.001006766	0.001002083	4.33	0.001133247	0.001132031
10	0.001006766	0.001002083	4.34	0.001132461	0.001131271
10	0.001006766	0.001002083	4.35	0.00113167	0.001130506
10	0.001006766	0.001002083	4.36	0.001130873	0.001129735
10	0.001006766	0.001002083	4.37	0.001130071	0.001128959
10	0.001006766	0.001002083	4.38	0.001129264	0.001128178
10	0.001006766	0.001002083	4.39	0.001128452	0.001127391
10	0.001006766	0.001002083	4.4	0.001127635	0.0011266
10	0.001006766	0.001002083	4.41	0.001126813	0.001125805
10	0.001006766	0.001002083	4.42	0.001125987	0.001125004
10	0.001006766	0.001002083	4.43	0.001125157	0.001124199
10	0.001006766	0.001002083	4.44	0.001124322	0.00112339
10	0.001006766	0.001002083	4.45	0.001123483	0.001122577
10	0.001006766	0.001002083	4.46	0.00112264	0.001121759
10	0.001006766	0.001002083	4.47	0.001121793	0.001120938
10	0.001006766	0.001002083	4.48	0.001120942	0.001120113
10	0.001006766	0.001002083	4.49	0.001120088	0.001119284
10	0.001006766	0.001002083	4.5	0.00111923	0.001118451
10	0.001006766	0.001002083	4.51	0.001118369	0.001117615
10	0.001006766	0.001002083	4.52	0.001117504	0.001116775
10	0.001006766	0.001002083	4.53	0.001116636	0.001115932
10	0.001006766	0.001002083	4.54	0.001115765	0.001115086
10	0.001006766	0.001002083	4.55	0.001114891	0.001114237
10	0.001006766	0.001002083	4.56	0.001114015	0.001113385
10	0.001006766	0.001002083	4.57	0.001113135	0.001112531
10	0.001006766	0.001002083	4.58	0.001112253	0.001111673
10	0.001006766	0.001002083	4.59	0.001111369	0.001110813
10	0.001006766	0.001002083	4.6	0.001110482	0.001109951
10	0.001006766	0.001002083	4.61	0.001109593	0.001109086
10	0.001006766	0.001002083	4.62	0.001108701	0.001108219
10	0.001006766	0.001002083	4.63	0.001107808	0.00110735
10	0.001006766	0.001002083	4.64	0.001106913	0.001106478
10	0.001006766	0.001002083	4.65	0.001106015	0.001105605
10	0.001006766	0.001002083	4.66	0.001105116	0.00110473
10	0.001006766	0.001002083	4.67	0.001104216	0.001103853
10	0.001006766	0.001002083	4.68	0.001103314	0.001102975
10	0.001006766	0.001002083	4.69	0.001102411	0.001102095
10	0.001006766	0.001002083	4.7	0.001101506	0.001101214
10	0.001006766	0.001002083	4.71	0.0011006	0.001100332
10	0.001006766	0.001002083	4.72	0.001099693	0.001099448
10	0.001006766	0.001002083	4.73	0.001098785	0.001098563
10	0.001006766	0.001002083	4.74	0.001097876	0.001097677
10	0.001006766	0.001002083	4.75	0.001096967	0.00109679
10	0.001006766	0.001002083	4.76	0.001096056	0.001095903
10	0.001006766	0.001002083	4.77	0.001095145	0.001095015
10	0.001006766	0.001002083	4.78	0.001094234	0.001094126
10	0.001006766	0.001002083	4.79	0.001093322	0.001093236
10	0.001006766	0.001002083	4.8	0.00109241	0.001092346
10	0.001006766	0.001002083	4.81	0.001091498	0.001091456
10	0.001006766	0.001002083	4.82	0.001090585	0.001090566
10	0.001006766	0.001002083	4.83	0.001089673	0.001089675
10	0.001006766	0.001002083	4.84	0.00108876	0.001088785
10	0.001006766	0.001002083	4.85	0.001087848	0.001087894
10	0.001006766	0.001002083	4.86	0.001086936	0.001087004
10	0.001006766	0.001002083	4.87	0.001086024	0.001086113
10	0.001006766	0.001002083	4.88	0.001085113	0.001085223
10	0.001006766	0.001002083	4.89	0.001084202	0.001084334
10	0.001006766	0.001002083	4.9	0.001083292	0.001083445
10	0.001006766	0.001002083	4.91	0.001082383	0.001082556
10	0.001006766	0.001002083	4.92	0.001081474	0.001081668
10	0.001006766	0.001002083	4.93	0.001080566	0.001080781
10	0.001006766	0.001002083	4.94	0.001079659	0.001079894
10	0.001006766	0.001002083	4.95	0.001078753	0.001079009
10	0.001006766	0.001002083	4.96	0.001077848	0.001078124
10	0.001006766	0.001002083	4.97	0.001076945	0.00107724
10	0.001006766	0.001002083	4.98	0.001076042	0.001076358
10	0.001006766	0.001002083	4.99	0.001075141	0.001075477
10	0.001006766	0.001002083	5	0.001074242	0.001074596
10	0.001006766	0.001002083	5.01	0.001073343	0.001073718
10	0.001006766	0.001002083	5.02	0.001072447	0.00107284
10	0.001006766	0.001002083	5.03	0.001071552	0.001071965
10	0.001006766	0.001002083	5.04	0.001070659	0.00107109
10	0.001006766	0.001002083	5.05	0.001069767	0.001070218
10	0.001006766	0.001002083	5.06	0.001068877	0.001069347
10	0.001006766	0.001002083	5.07	0.00106799	0.001068477
10	0.001006766	0.001002083	5.08	0.001067104	0.00106761
10	0.001006766	0.001002083	5.09	0.00106622	0.001066745
10	0.001006766	0.001002083	5.1	0.001065339	0.001065881
10	0.001006766	0.001002083	5.11	0.001064459	0.00106502
10	0.001006766	0.001002083	5.12	0.001063582	0.00106416
10	0.001006766	0.001002083	5.13	0.001062707	0.001063303
10	0.001006766	0.001002083	5.14	0.001061835	0.001062448
10	0.001006766	0.001002083	5.15	0.001060965	0.001061595
10	0.001006766	0.001002083	5.16	0.001060098	0.001060745
10	0.001006766	0.001002083	5.17	0.001059233	0.001059897
10	0.001006766	0.001002083	5.18	0.001058371	0.001059052
10	0.001006766	0.001002083	5.19	0.001057511	0.001058209
10	0.001006766	0.001002083	5.2	0.001056654	0.001057369
10	0.001006766	0.001002083	5.21	0.0010558	0.001056531
10	0.001006766	0.001002083	5.22	0.001054949	0.001055696
10	0.001006766	0.001002083	5.23	0.001054101	0.001054864
10	0.001006766	0.001002083	5.24	0.001053256	0.001054035
10	0.001006766	0.001002083	5.25	0.001052414	0.001053208
10	0.001006766	0.001002083	5.26	0.001051575	0.001052385
10	0.001006766	0.001002083	5.27	0.001050739	0.001051564
10	0.001006766	0.001002083	5.28	0.001049906	0.001050747
10	0.001006766	0.001002083	5.29	0.001049077	0.001049932
10	0.001006766	0.001002083	5.3	0.001048251	0.001049121
10	0.001006766	0.001002083	5.31	0.001047428	0.001048313
10	0.001006766	0.001002083	5.32	0.001046609	0.001047508
10	0.001006766	0.001002083	5.33	0.001045793	0.001046706
10	0.001006766	0.001002083	5.34	0.00104498	0.001045908
10	0.001006766	0.001002083	5.35	0.001044172	0.001045113
10	0.001006766	0.001002083	5.36	0.001043366	0.001044322
10	0.001006766	0.001002083	5.37	0.001042565	0.001043534
10	0.001006766	0.001002083	5.38	0.001041767	0.001042749
10	0.001006766	0.001002083	5.39	0.001040973	0.001041968
10	0.001006766	0.001002083	5.4	0.001040182	0.001041191
10	0.001006766	0.001002083	5.41	0.001039395	0.001040417
10	0.001006766	0.001002083	5.42	0.001038613	0.001039647
10	0.001006766	0.001002083	5.43	0.001037834	0.001038881
10	0.001006766	0.001002083	5.44	0.001037059	0.001038118
10	0.001006766	0.001002083	5.45	0.001036288	0.001037359
10	0.001006766	0.001002083	5.46	0.001035521	0.001036604
10	0.001006766	0.001002083	5.47	0.001034758	0.001035853
10	0.001006766	0.001002083	5.48	0.001033999	0.001035106
10	0.001006766	0.001002083	5.49	0.001033244	0.001034363
10	0.001006766	0.001002083	5.5	0.001032493	0.001033624
10	0.001006766	0.001002083	5.51	0.001031747	0.001032889
10	0.001006766	0.001002083	5.52	0.001031005	0.001032157
10	0.001006766	0.001002083	5.53	0.001030267	0.00103143
10	0.001006766	0.001002083	5.54	0.001029533	0.001030707
10	0.001006766	0.001002083	5.55	0.001028804	0.001029988
10	0.001006766	0.001002083	5.56	0.001028079	0.001029274
10	0.001006766	0.001002083	5.57	0.001027358	0.001028563
10	0.001006766	0.001002083	5.58	0.001026642	0.001027857
10	0.001006766	0.001002083	5.59	0.00102593	0.001027155
10	0.001006766	0.001002083	5.6	0.001025222	0.001026457
10	0.001006766	0.001002083	5.61	0.001024519	0.001025764
10	0.001006766	0.001002083	5.62	0.001023821	0.001025075
10	0.001006766	0.001002083	5.63	0.001023127	0.00102439
10	0.001006766	0.001002083	5.64	0.001022438	0.00102371
10	0.001006766	0.001002083	5.65	0.001021753	0.001023034
10	0.001006766	0.001002083	5.66	0.001021073	0.001022362
10	0.001006766	0.001002083	5.67	0.001020397	0.001021695
10	0.001006766	0.001002083	5.68	0.001019726	0.001021033
10	0.001006766	0.001002083	5.69	0.00101906	0.001020375
10	0.001006766	0.001002083	5.7	0.001018399	0.001019721
10	0.001006766	0.001002083	5.71	0.001017742	0.001019072
10	0.001006766	0.001002083	5.72	0.00101709	0.001018428
10	0.001006766	0.001002083	5.73	0.001016443	0.001017788
10	0.001006766	0.001002083	5.74	0.0010158	0.001017152
10	0.001006766	0.001002083	5.75	0.001015162	0.001016522
10	0.001006766	0.001002083	5.76	0.001014529	0.001015896
10	0.001006766	0.001002083	5.77	0.001013901	0.001015274
10	0.001006766	0.001002083	5.78	0.001013278	0.001014658
10	0.001006766	0.001002083	5.79	0.001012659	0.001014046
10	0.001006766	0.001002083	5.8	0.001012046	0.001013438
10	0.001006766	0.001002083	5.81	0.001011437	0.001012836
10	0.001006766	0.001002083	5.82	0.001010833	0.001012238
10	0.001006766	0.001002083	5.83	0.001010234	0.001011645
10	0.001006766	0.001002083	5.84	0.00100964	0.001011056
10	0.001006766	0.001002083	5.85	0.001009051	0.001010472
10	0.001006766	0.001002083	5.86	0.001008466	0.001009894
10	0.001006766	0.001002083	5.87	0.001007887	0.001009319
10	0.001006766	0.001002083	5.88	0.001007313	0.00100875
10	0.001006766	0.001002083	5.89	0.001006743	0.001008185
10	0.001006766	0.001002083	5.9	0.001006179	0.001007626
10	0.001006766	0.001002083	5.91	0.001005619	0.001007071
10	0.001006766	0.001002083	5.92	0.001005065	0.001006521
10	0.001006766	0.001002083	5.93	0.001004515	0.001005975
10	0.001006766	0.001002083	5.94	0.001003971	0.001005435
10	0.001006766	0.001002083	5.95	0.001003431	0.001004899
10	0.001006766	0.001002083	5.96	0.001002897	0.001004368
10	0.001006766	0.001002083	5.97	0.001002367	0.001003842
10	0.001006766	0.001002083	5.98	0.001001843	0.001003321
10	0.001006766	0.001002083	5.99	0.001001323	0.001002805
10	0.001006766	0.001002083	6	0.001000809	0.001002294
10	0.001006766	0.001002083	6.01	0.001000299	0.001001787
10	0.001006766	0.001002083	6.02	0.000999795	0.001001286
10	0.001006766	0.001002083	6.03	0.000999295	0.001000789
10	0.001006766	0.001002083	6.04	0.000998801	0.001000297
10	0.001006766	0.001002083	6.05	0.000998311	0.00099981
10	0.001006766	0.001002083	6.06	0.000997827	0.000999328
10	0.001006766	0.001002083	6.07	0.000997348	0.00099885
10	0.001006766	0.001002083	6.08	0.000996873	0.000998378
10	0.001006766	0.001002083	6.09	0.000996404	0.00099791
10	0.001006766	0.001002083	6.1	0.000995939	0.000997447
10	0.001006766	0.001002083	6.11	0.00099548	0.000996989
10	0.001006766	0.001002083	6.12	0.000995026	0.000996536
10	0.001006766	0.001002083	6.13	0.000994576	0.000996088
10	0.001006766	0.001002083	6.14	0.000994132	0.000995645
10	0.001006766	0.001002083	6.15	0.000993693	0.000995206
10	0.001006766	0.001002083	6.16	0.000993258	0.000994773
10	0.001006766	0.001002083	6.17	0.000992829	0.000994344
10	0.001006766	0.001002083	6.18	0.000992404	0.00099392
10	0.001006766	0.001002083	6.19	0.000991985	0.000993501
10	0.001006766	0.001002083	6.2	0.00099157	0.000993086
10	0.001006766	0.001002083	6.21	0.00099116	0.000992677
10	0.001006766	0.001002083	6.22	0.000990756	0.000992272
10	0.001006766	0.001002083	6.23	0.000990356	0.000991872
10	0.001006766	0.001002083	6.24	0.000989961	0.000991477
10	0.001006766	0.001002083	6.25	0.000989571	0.000991087
10	0.001006766	0.001002083	6.26	0.000989186	0.000990701
10	0.001006766	0.001002083	6.27	0.000988806	0.00099032
10	0.001006766	0.001002083	6.28	0.000988431	0.000989944
10	0.001006766	0.001002083	6.29	0.000988061	0.000989573
10	0.001006766	0.001002083	6.3	0.000987695	0.000989206
10	0.001006766	0.001002083	6.31	0.000987334	0.000988844
10	0.001006766	0.001002083	6.32	0.000986979	0.000988487
10	0.001006766	0.001002083	6.33	0.000986628	0.000988135
10	0.001006766	0.001002083	6.34	0.000986282	0.000987787
10	0.001006766	0.001002083	6.35	0.00098594	0.000987444
10	0.001006766	0.001002083	6.36	0.000985604	0.000987105
10	0.001006766	0.001002083	6.37	0.000985272	0.000986772
10	0.001006766	0.001002083	6.38	0.000984945	0.000986442
10	0.001006766	0.001002083	6.39	0.000984622	0.000986118
10	0.001006766	0.001002083	6.4	0.000984305	0.000985798
10	0.001006766	0.001002083	6.41	0.000983992	0.000985483
10	0.001006766	0.001002083	6.42	0.000983684	0.000985172
10	0.001006766	0.001002083	6.43	0.00098338	0.000984866
10	0.001006766	0.001002083	6.44	0.000983081	0.000984564
10	0.001006766	0.001002083	6.45	0.000982787	0.000984267
10	0.001006766	0.001002083	6.46	0.000982498	0.000983974
10	0.001006766	0.001002083	6.47	0.000982213	0.000983686
10	0.001006766	0.001002083	6.48	0.000981932	0.000983403
10	0.001006766	0.001002083	6.49	0.000981657	0.000983124
10	0.001006766	0.001002083	6.5	0.000981385	0.000982849
10	0.001006766	0.001002083	6.51	0.000981119	0.000982579
10	0.001006766	0.001002083	6.52	0.000980857	0.000982313
10	0.001006766	0.001002083	6.53	0.000980599	0.000982052
10	0.001006766	0.001002083	6.54	0.000980346	0.000981795
10	0.001006766	0.001002083	6.55	0.000980097	0.000981542
10	0.001006766	0.001002083	6.56	0.000979853	0.000981294
10	0.001006766	0.001002083	6.57	0.000979613	0.00098105
10	0.001006766	0.001002083	6.58	0.000979378	0.00098081
10	0.001006766	0.001002083	6.59	0.000979147	0.000980575
10	0.001006766	0.001002083	6.6	0.000978921	0.000980344
10	0.001006766	0.001002083	6.61	0.000978698	0.000980117
10	0.001006766	0.001002083	6.62	0.00097848	0.000979894
10	0.001006766	0.001002083	6.63	0.000978267	0.000979676
10	0.001006766	0.001002083	6.64	0.000978058	0.000979462
10	0.001006766	0.001002083	6.65	0.000977853	0.000979252
10	0.001006766	0.001002083	6.66	0.000977652	0.000979046
10	0.001006766	0.001002083	6.67	0.000977455	0.000978844
10	0.001006766	0.001002083	6.68	0.000977263	0.000978647
10	0.001006766	0.001002083	6.69	0.000977075	0.000978453
10	0.001006766	0.001002083	6.7	0.000976891	0.000978264
10	0.001006766	0.001002083	6.71	0.000976711	0.000978078
10	0.001006766	0.001002083	6.72	0.000976535	0.000977897
10	0.001006766	0.001002083	6.73	0.000976363	0.00097772
10	0.001006766	0.001002083	6.74	0.000976196	0.000977546
10	0.001006766	0.001002083	6.75	0.000976032	0.000977377
10	0.001006766	0.001002083	6.76	0.000975872	0.000977211
10	0.001006766	0.001002083	6.77	0.000975717	0.00097705
10	0.001006766	0.001002083	6.78	0.000975565	0.000976892
10	0.001006766	0.001002083	6.79	0.000975417	0.000976738
10	0.001006766	0.001002083	6.8	0.000975274	0.000976588
10	0.001006766	0.001002083	6.81	0.000975134	0.000976442
10	0.001006766	0.001002083	6.82	0.000974998	0.0009763
10	0.001006766	0.001002083	6.83	0.000974866	0.000976161
10	0.001006766	0.001002083	6.84	0.000974737	0.000976027
10	0.001006766	0.001002083	6.85	0.000974613	0.000975895
10	0.001006766	0.001002083	6.86	0.000974492	0.000975768
10	0.001006766	0.001002083	6.87	0.000974375	0.000975644
10	0.001006766	0.001002083	6.88	0.000974262	0.000975524
10	0.001006766	0.001002083	6.89	0.000974152	0.000975408
10	0.001006766	0.001002083	6.9	0.000974046	0.000975295
10	0.001006766	0.001002083	6.91	0.000973944	0.000975186
10	0.001006766	0.001002083	6.92	0.000973845	0.00097508
10	0.001006766	0.001002083	6.93	0.00097375	0.000974978
10	0.001006766	0.001002083	6.94	0.000973659	0.000974879
10	0.001006766	0.001002083	6.95	0.000973571	0.000974784
10	0.001006766	0.001002083	6.96	0.000973486	0.000974693
10	0.001006766	0.001002083	6.97	0.000973405	0.000974604
10	0.001006766	0.001002083	6.98	0.000973328	0.000974519
10	0.001006766	0.001002083	6.99	0.000973254	0.000974438
10	0.001006766	0.001002083	7	0.000973183	0.00097436
10	0.001006766	0.001002083	7.01	0.000973116	0.000974285
10	0.001006766	0.001002083	7.02	0.000973052	0.000974213
10	0.001006766	0.001002083	7.03	0.000972991	0.000974145
10	0.001006766	0.001002083	7.04	0.000972934	0.00097408
10	0.001006766	0.001002083	7.05	0.00097288	0.000974018
10	0.001006766	0.001002083	7.06	0.000972829	0.00097396
10	0.001006766	0.001002083	7.07	0.000972782	0.000973905
10	0.001006766	0.001002083	7.08	0.000972737	0.000973852
10	0.001006766	0.001002083	7.09	0.000972696	0.000973803
10	0.001006766	0.001002083	7.1	0.000972658	0.000973757
10	0.001006766	0.001002083	7.11	0.000972623	0.000973714
10	0.001006766	0.001002083	7.12	0.000972591	0.000973674
10	0.001006766	0.001002083	7.13	0.000972563	0.000973637
10	0.001006766	0.001002083	7.14	0.000972537	0.000973604
10	0.001006766	0.001002083	7.15	0.000972514	0.000973573
10	0.001006766	0.001002083	7.16	0.000972494	0.000973545
10	0.001006766	0.001002083	7.17	0.000972477	0.00097352
10	0.001006766	0.001002083	7.18	0.000972463	0.000973497
10	0.001006766	0.001002083	7.19	0.000972452	0.000973478
10	0.001006766	0.001002083	7.2	0.000972444	0.000973461
10	0.001006766	0.001002083	7.21	0.000972439	0.000973448
10	0.001006766	0.001002083	7.22	0.000972436	0.000973437
10	0.001006766	0.001002083	7.23	0.000972437	0.000973429
10	0.001006766	0.001002083	7.24	0.00097244	0.000973423
10	0.001006766	0.001002083	7.25	0.000972445	0.00097342
10	0.001006766	0.001002083	7.26	0.000972454	0.00097342
10	0.001006766	0.001002083	7.27	0.000972465	0.000973423
10	0.001006766	0.001002083	7.28	0.000972479	0.000973428
10	0.001006766	0.001002083	7.29	0.000972495	0.000973436
10	0.001006766	0.001002083	7.3	0.000972514	0.000973446
10	0.001006766	0.001002083	7.31	0.000972535	0.000973459
10	0.001006766	0.001002083	7.32	0.000972559	0.000973475
10	0.001006766	0.001002083	7.33	0.000972586	0.000973492
10	0.001006766	0.001002083	7.34	0.000972615	0.000973513
10	0.001006766	0.001002083	7.35	0.000972647	0.000973535
10	0.001006766	0.001002083	7.36	0.00097268	0.000973561
10	0.001006766	0.001002083	7.37	0.000972717	0.000973588
10	0.001006766	0.001002083	7.38	0.000972755	0.000973618
10	0.001006766	0.001002083	7.39	0.000972796	0.00097365
10	0.001006766	0.001002083	7.4	0.00097284	0.000973685
10	0.001006766	0.001002083	7.41	0.000972885	0.000973722
10	0.001006766	0.001002083	7.42	0.000972933	0.000973761
10	0.001006766	0.001002083	7.43	0.000972983	0.000973802
10	0.001006766	0.001002083	7.44	0.000973036	0.000973846
10	0.001006766	0.001002083	7.45	0.00097309	0.000973891
10	0.001006766	0.001002083	7.46	0.000973147	0.000973939
10	0.001006766	0.001002083	7.47	0.000973205	0.000973989
10	0.001006766	0.001002083	7.48	0.000973266	0.000974041
10	0.001006766	0.001002083	7.49	0.000973329	0.000974095
10	0.001006766	0.001002083	7.5	0.000973394	0.000974151
10	0.001006766	0.001002083	7.51	0.000973461	0.000974209
10	0.001006766	0.001002083	7.52	0.00097353	0.000974269
10	0.001006766	0.001002083	7.53	0.000973601	0.000974331
10	0.001006766	0.001002083	7.54	0.000973674	0.000974395
10	0.001006766	0.001002083	7.55	0.000973749	0.000974461
10	0.001006766	0.001002083	7.56	0.000973826	0.000974529
10	0.001006766	0.001002083	7.57	0.000973904	0.000974599
10	0.001006766	0.001002083	7.58	0.000973984	0.00097467
10	0.001006766	0.001002083	7.59	0.000974067	0.000974744
10	0.001006766	0.001002083	7.6	0.000974151	0.000974819
10	0.001006766	0.001002083	7.61	0.000974236	0.000974896
10	0.001006766	0.001002083	7.62	0.000974324	0.000974974
10	0.001006766	0.001002083	7.63	0.000974413	0.000975054
10	0.001006766	0.001002083	7.64	0.000974504	0.000975136
10	0.001006766	0.001002083	7.65	0.000974596	0.00097522
10	0.001006766	0.001002083	7.66	0.00097469	0.000975305
10	0.001006766	0.001002083	7.67	0.000974786	0.000975392
10	0.001006766	0.001002083	7.68	0.000974883	0.000975481
10	0.001006766	0.001002083	7.69	0.000974982	0.000975571
10	0.001006766	0.001002083	7.7	0.000975082	0.000975662
10	0.001006766	0.001002083	7.71	0.000975184	0.000975755
10	0.001006766	0.001002083	7.72	0.000975287	0.00097585
10	0.001006766	0.001002083	7.73	0.000975392	0.000975946
10	0.001006766	0.001002083	7.74	0.000975498	0.000976043
10	0.001006766	0.001002083	7.75	0.000975606	0.000976142
10	0.001006766	0.001002083	7.76	0.000975715	0.000976242
10	0.001006766	0.001002083	7.77	0.000975825	0.000976344
10	0.001006766	0.001002083	7.78	0.000975937	0.000976447
10	0.001006766	0.001002083	7.79	0.00097605	0.000976551
10	0.001006766	0.001002083	7.8	0.000976164	0.000976657
10	0.001006766	0.001002083	7.81	0.00097628	0.000976764
10	0.001006766	0.001002083	7.82	0.000976396	0.000976872
10	0.001006766	0.001002083	7.83	0.000976514	0.000976981
10	0.001006766	0.001002083	7.84	0.000976633	0.000977092
10	0.001006766	0.001002083	7.85	0.000976753	0.000977203
10	0.001006766	0.001002083	7.86	0.000976875	0.000977316
10	0.001006766	0.001002083	7.87	0.000976997	0.00097743
10	0.001006766	0.001002083	7.88	0.000977121	0.000977545
10	0.001006766	0.001002083	7.89	0.000977245	0.000977661
10	0.001006766	0.001002083	7.9	0.000977371	0.000977779
10	0.001006766	0.001002083	7.91	0.000977498	0.000977897
10	0.001006766	0.001002083	7.92	0.000977626	0.000978016
10	0.001006766	0.001002083	7.93	0.000977754	0.000978137
10	0.001006766	0.001002083	7.94	0.000977884	0.000978258
10	0.001006766	0.001002083	7.95	0.000978014	0.00097838
10	0.001006766	0.001002083	7.96	0.000978146	0.000978503
10	0.001006766	0.001002083	7.97	0.000978278	0.000978628
10	0.001006766	0.001002083	7.98	0.000978411	0.000978753
10	0.001006766	0.001002083	7.99	0.000978545	0.000978878
10	0.001006766	0.001002083	8	0.00097868	0.000979005
10	0.001006766	0.001002083	8.01	0.000978816	0.000979133
10	0.001006766	0.001002083	8.02	0.000978952	0.000979261
10	0.001006766	0.001002083	8.03	0.000979089	0.00097939
10	0.001006766	0.001002083	8.04	0.000979227	0.00097952
10	0.001006766	0.001002083	8.05	0.000979366	0.000979651
10	0.001006766	0.001002083	8.06	0.000979505	0.000979782
10	0.001006766	0.001002083	8.07	0.000979645	0.000979914
10	0.001006766	0.001002083	8.08	0.000979786	0.000980047
10	0.001006766	0.001002083	8.09	0.000979927	0.00098018
10	0.001006766	0.001002083	8.1	0.000980069	0.000980314
10	0.001006766	0.001002083	8.11	0.000980212	0.000980449
10	0.001006766	0.001002083	8.12	0.000980355	0.000980584
10	0.001006766	0.001002083	8.13	0.000980498	0.00098072
10	0.001006766	0.001002083	8.14	0.000980642	0.000980857
10	0.001006766	0.001002083	8.15	0.000980787	0.000980994
10	0.001006766	0.001002083	8.16	0.000980932	0.000981131
10	0.001006766	0.001002083	8.17	0.000981078	0.000981269
10	0.001006766	0.001002083	8.18	0.000981224	0.000981408
10	0.001006766	0.001002083	8.19	0.00098137	0.000981547
10	0.001006766	0.001002083	8.2	0.000981517	0.000981686
10	0.001006766	0.001002083	8.21	0.000981664	0.000981826
10	0.001006766	0.001002083	8.22	0.000981812	0.000981967
10	0.001006766	0.001002083	8.23	0.00098196	0.000982107
10	0.001006766	0.001002083	8.24	0.000982108	0.000982248
10	0.001006766	0.001002083	8.25	0.000982257	0.00098239
10	0.001006766	0.001002083	8.26	0.000982406	0.000982532
10	0.001006766	0.001002083	8.27	0.000982555	0.000982674
10	0.001006766	0.001002083	8.28	0.000982704	0.000982816
10	0.001006766	0.001002083	8.29	0.000982854	0.000982959
10	0.001006766	0.001002083	8.3	0.000983004	0.000983102
10	0.001006766	0.001002083	8.31	0.000983154	0.000983245
10	0.001006766	0.001002083	8.32	0.000983305	0.000983389
10	0.001006766	0.001002083	8.33	0.000983455	0.000983532
10	0.001006766	0.001002083	8.34	0.000983606	0.000983676
10	0.001006766	0.001002083	8.35	0.000983757	0.00098382
10	0.001006766	0.001002083	8.36	0.000983908	0.000983965
10	0.001006766	0.001002083	8.37	0.000984059	0.000984109
10	0.001006766	0.001002083	8.38	0.000984211	0.000984254
10	0.001006766	0.001002083	8.39	0.000984362	0.000984399
10	0.001006766	0.001002083	8.4	0.000984513	0.000984543
10	0.001006766	0.001002083	8.41	0.000984665	0.000984688
10	0.001006766	0.001002083	8.42	0.000984816	0.000984833
10	0.001006766	0.001002083	8.43	0.000984968	0.000984978
10	0.001006766	0.001002083	8.44	0.000985119	0.000985124
10	0.001006766	0.001002083	8.45	0.000985271	0.000985269
10	0.001006766	0.001002083	8.46	0.000985422	0.000985414
10	0.001006766	0.001002083	8.47	0.000985573	0.000985559
10	0.001006766	0.001002083	8.48	0.000985725	0.000985704
10	0.001006766	0.001002083	8.49	0.000985876	0.000985849
10	0.001006766	0.001002083	8.5	0.000986027	0.000985995
10	0.001006766	0.001002083	8.51	0.000986178	0.00098614
10	0.001006766	0.001002083	8.52	0.000986329	0.000986285
10	0.001006766	0.001002083	8.53	0.00098648	0.00098643
10	0.001006766	0.001002083	8.54	0.000986631	0.000986575
10	0.001006766	0.001002083	8.55	0.000986782	0.000986719
10	0.001006766	0.001002083	8.56	0.000986932	0.000986864
10	0.001006766	0.001002083	8.57	0.000987082	0.000987008
10	0.001006766	0.001002083	8.58	0.000987232	0.000987153
10	0.001006766	0.001002083	8.59	0.000987382	0.000987297
10	0.001006766	0.001002083	8.6	0.000987532	0.000987441
10	0.001006766	0.001002083	8.61	0.000987681	0.000987585
10	0.001006766	0.001002083	8.62	0.00098783	0.000987728
10	0.001006766	0.001002083	8.63	0.000987979	0.000987872
10	0.001006766	0.001002083	8.64	0.000988127	0.000988015
10	0.001006766	0.001002083	8.65	0.000988276	0.000988158
10	0.001006766	0.001002083	8.66	0.000988424	0.000988301
10	0.001006766	0.001002083	8.67	0.000988571	0.000988443
10	0.001006766	0.001002083	8.68	0.000988719	0.000988585
10	0.001006766	0.001002083	8.69	0.000988866	0.000988727
10	0.001006766	0.001002083	8.7	0.000989013	0.000988869
10	0.001006766	0.001002083	8.71	0.000989159	0.00098901
10	0.001006766	0.001002083	8.72	0.000989305	0.000989151
10	0.001006766	0.001002083	8.73	0.00098945	0.000989292
10	0.001006766	0.001002083	8.74	0.000989596	0.000989432
10	0.001006766	0.001002083	8.75	0.00098974	0.000989572
10	0.001006766	0.001002083	8.76	0.000989885	0.000989712
10	0.001006766	0.001002083	8.77	0.000990029	0.000989851
10	0.001006766	0.001002083	8.78	0.000990172	0.00098999
10	0.001006766	0.001002083	8.79	0.000990316	0.000990129
10	0.001006766	0.001002083	8.8	0.000990458	0.000990267
10	0.001006766	0.001002083	8.81	0.0009906	0.000990405
10	0.001006766	0.001002083	8.82	0.000990742	0.000990542
10	0.001006766	0.001002083	8.83	0.000990883	0.000990679
10	0.001006766	0.001002083	8.84	0.000991024	0.000990815
10	0.001006766	0.001002083	8.85	0.000991165	0.000990951
10	0.001006766	0.001002083	8.86	0.000991304	0.000991087
10	0.001006766	0.001002083	8.87	0.000991444	0.000991222
10	0.001006766	0.001002083	8.88	0.000991582	0.000991357
10	0.001006766	0.001002083	8.89	0.000991721	0.000991491
10	0.001006766	0.001002083	8.9	0.000991858	0.000991625
10	0.001006766	0.001002083	8.91	0.000991995	0.000991758
10	0.001006766	0.001002083	8.92	0.000992132	0.00099189
10	0.001006766	0.001002083	8.93	0.000992268	0.000992023
10	0.001006766	0.001002083	8.94	0.000992403	0.000992154
10	0.001006766	0.001002083	8.95	0.000992538	0.000992285
10	0.001006766	0.001002083	8.96	0.000992673	0.000992416
10	0.001006766	0.001002083	8.97	0.000992806	0.000992546
10	0.001006766	0.001002083	8.98	0.000992939	0.000992675
10	0.001006766	0.001002083	8.99	0.000993072	0.000992804
10	0.001006766	0.001002083	9	0.000993204	0.000992933
10	0.001006766	0.001002083	9.01	0.000993335	0.00099306
10	0.001006766	0.001002083	9.02	0.000993465	0.000993187
10	0.001006766	0.001002083	9.03	0.000993595	0.000993314
10	0.001006766	0.001002083	9.04	0.000993725	0.00099344
10	0.001006766	0.001002083	9.05	0.000993853	0.000993565
10	0.001006766	0.001002083	9.06	0.000993981	0.00099369
10	0.001006766	0.001002083	9.07	0.000994108	0.000993814
10	0.001006766	0.001002083	9.08	0.000994235	0.000993938
10	0.001006766	0.001002083	9.09	0.000994361	0.000994061
10	0.001006766	0.001002083	9.1	0.000994486	0.000994183
10	0.001006766	0.001002083	9.11	0.000994611	0.000994305
10	0.001006766	0.001002083	9.12	0.000994735	0.000994426
10	0.001006766	0.001002083	9.13	0.000994858	0.000994546
10	0.001006766	0.001002083	9.14	0.000994981	0.000994666
10	0.001006766	0.001002083	9.15	0.000995102	0.000994785
10	0.001006766	0.001002083	9.16	0.000995223	0.000994903
10	0.001006766	0.001002083	9.17	0.000995344	0.000995021
10	0.001006766	0.001002083	9.18	0.000995463	0.000995138
10	0.001006766	0.001002083	9.19	0.000995582	0.000995255
10	0.001006766	0.001002083	9.2	0.0009957	0.00099537
10	0.001006766	0.001002083	9.21	0.000995818	0.000995485
10	0.001006766	0.001002083	9.22	0.000995934	0.0009956
10	0.001006766	0.001002083	9.23	0.00099605	0.000995713
10	0.001006766	0.001002083	9.24	0.000996166	0.000995826
10	0.001006766	0.001002083	9.25	0.00099628	0.000995938
10	0.001006766	0.001002083	9.26	0.000996394	0.00099605
10	0.001006766	0.001002083	9.27	0.000996506	0.00099616
10	0.001006766	0.001002083	9.28	0.000996619	0.00099627
10	0.001006766	0.001002083	9.29	0.00099673	0.00099638
10	0.001006766	0.001002083	9.3	0.000996841	0.000996488
10	0.001006766	0.001002083	9.31	0.00099695	0.000996596
10	0.001006766	0.001002083	9.32	0.000997059	0.000996703
10	0.001006766	0.001002083	9.33	0.000997168	0.00099681
10	0.001006766	0.001002083	9.34	0.000997275	0.000996915
10	0.001006766	0.001002083	9.35	0.000997382	0.00099702
10	0.001006766	0.001002083	9.36	0.000997487	0.000997124
10	0.001006766	0.001002083	9.37	0.000997593	0.000997228
10	0.001006766	0.001002083	9.38	0.000997697	0.00099733
10	0.001006766	0.001002083	9.39	0.0009978	0.000997432
10	0.001006766	0.001002083	9.4	0.000997903	0.000997533
10	0.001006766	0.001002083	9.41	0.000998005	0.000997634
10	0.001006766	0.001002083	9.42	0.000998106	0.000997733
10	0.001006766	0.001002083	9.43	0.000998206	0.000997832
10	0.001006766	0.001002083	9.44	0.000998305	0.00099793
10	0.001006766	0.001002083	9.45	0.000998404	0.000998028
10	0.001006766	0.001002083	9.46	0.000998502	0.000998124
10	0.001006766	0.001002083	9.47	0.000998599	0.00099822
10	0.001006766	0.001002083	9.48	0.000998695	0.000998315
10	0.001006766	0.001002083	9.49	0.00099879	0.000998409
10	0.001006766	0.001002083	9.5	0.000998885	0.000998502
10	0.001006766	0.001002083	9.51	0.000998978	0.000998595
10	0.001006766	0.001002083	9.52	0.000999071	0.000998687
10	0.001006766	0.001002083	9.53	0.000999163	0.000998778
10	0.001006766	0.001002083	9.54	0.000999254	0.000998868
10	0.001006766	0.001002083	9.55	0.000999345	0.000998958
10	0.001006766	0.001002083	9.56	0.000999434	0.000999047
10	0.001006766	0.001002083	9.57	0.000999523	0.000999134
10	0.001006766	0.001002083	9.58	0.000999611	0.000999222
10	0.001006766	0.001002083	9.59	0.000999698	0.000999308
10	0.001006766	0.001002083	9.6	0.000999784	0.000999394
10	0.001006766	0.001002083	9.61	0.00099987	0.000999478
10	0.001006766	0.001002083	9.62	0.000999954	0.000999562
10	0.001006766	0.001002083	9.63	0.001000038	0.000999645
10	0.001006766	0.001002083	9.64	0.001000121	0.000999728
10	0.001006766	0.001002083	9.65	0.001000203	0.000999809
10	0.001006766	0.001002083	9.66	0.001000284	0.00099989
10	0.001006766	0.001002083	9.67	0.001000364	0.00099997
10	0.001006766	0.001002083	9.68	0.001000444	0.001000049
10	0.001006766	0.001002083	9.69	0.001000523	0.001000128
10	0.001006766	0.001002083	9.7	0.001000601	0.001000206
10	0.001006766	0.001002083	9.71	0.001000678	0.001000282
10	0.001006766	0.001002083	9.72	0.001000754	0.001000358
10	0.001006766	0.001002083	9.73	0.001000829	0.001000434
10	0.001006766	0.001002083	9.74	0.001000904	0.001000508
10	0.001006766	0.001002083	9.75	0.001000978	0.001000582
10	0.001006766	0.001002083	9.76	0.00100105	0.001000655
10	0.001006766	0.001002083	9.77	0.001001123	0.001000727
10	0.001006766	0.001002083	9.78	0.001001194	0.001000798
10	0.001006766	0.001002083	9.79	0.001001264	0.001000869
10	0.001006766	0.001002083	9.8	0.001001334	0.001000938
10	0.001006766	0.001002083	9.81	0.001001403	0.001001007
10	0.001006766	0.001002083	9.82	0.001001471	0.001001075
10	0.001006766	0.001002083	9.83	0.001001538	0.001001143
10	0.001006766	0.001002083	9.84	0.001001604	0.001001209
10	0.001006766	0.001002083	9.85	0.00100167	0.001001275
10	0.001006766	0.001002083	9.86	0.001001734	0.00100134
10	0.001006766	0.001002083	9.87	0.001001798	0.001001404
10	0.001006766	0.001002083	9.88	0.001001861	0.001001468
10	0.001006766	0.001002083	9.89	0.001001923	0.001001531
10	0.001006766	0.001002083	9.9	0.001001985	0.001001593
10	0.001006766	0.001002083	9.91	0.001002046	0.001001654
10	0.001006766	0.001002083	9.92	0.001002105	0.001001714
10	0.001006766	0.001002083	9.93	0.001002164	0.001001774
10	0.001006766	0.001002083	9.94	0.001002223	0.001001832
10	0.001006766	0.001002083	9.95	0.00100228	0.00100189
10	0.001006766	0.001002083	9.96	0.001002337	0.001001948
10	0.001006766	0.001002083	9.97	0.001002393	0.001002004
10	0.001006766	0.001002083	9.98	0.001002448	0.00100206
10	0.001006766	0.001002083	9.99	0.001002502	0.001002115
10	0.001006766	0.001002083	10	0.001002555	0.001002169